*****HEADER*****
#S LawnMover_Final_1_Red.GSCENE
#M 2
#V 10866
#T 3622
#iA 1
#iS 1
#B 68
#A 1

*****MATERIALS*****
lambert1
A 0 0 0
D 0.5 0.5 0.5
S 0 0 0
SP 0
R 0
T 0
AC 0
DM 0
NM 0
AM 0

LawnMower
A 0.588 0.588 0.588
D 0 0 0
S 0 0 0
SP 2
R 1
T 0
AC 0
DM LawnMover_Final_1_Red.dds
NM blankNormal.dds
AM 0

*****VERTICES*****
%M 1
P -82.9641 -32.0553 -22.2066
N -0.869527 -0.493886 -0 
T -0.13273 0.233682 0.963211 
BN -0.475716 0.837538 -0.268747 
UV 0.0143945 0.444348
BW 1 0 0 0
BI 1 0 0 0

P -50.3089 -62.7776 -22.2066
N -0.685222 -0.728334 -1.51879e-007 
T -0.183307 0.172457 0.96781 
BN -0.704889 0.663165 -0.25168 
UV 0 0.386293
BW 1 0 0 0
BI 1 0 0 0

P -82.9641 -32.0553 -43.0949
N -0.855132 -0.485528 -0.181689 
T 0.0270111 0.308268 0.950916 
BN -0.517706 0.818067 -0.250495 
UV 0.0407278 0.437054
BW 1 0 0 0
BI 1 0 0 0

P -82.9641 -32.0553 -43.0949
N -0.855132 -0.485528 -0.181689 
T 0.0270111 0.308268 0.950916 
BN -0.517706 0.818067 -0.250495 
UV 0.0407278 0.437054
BW 1 0 0 0
BI 1 0 0 0

P -50.3089 -62.7776 -22.2066
N -0.685222 -0.728334 -1.51879e-007 
T -0.183307 0.172457 0.96781 
BN -0.704889 0.663165 -0.25168 
UV 0 0.386293
BW 1 0 0 0
BI 1 0 0 0

P -50.3089 -62.7776 -43.0949
N -0.558603 -0.78637 -0.263791 
T 0.0240562 0.302544 0.952832 
BN -0.829086 0.5386 -0.150085 
UV 0.027047 0.379587
BW 1 0 0 0
BI 1 0 0 0

P -80.6178 50.069 -22.2066
N -0.892716 0.45062 -0 
T 0.158236 0.313479 0.936318 
BN 0.421923 0.835866 -0.351152 
UV 0.0497467 0.549343
BW 1 0 0 0
BI 1 0 0 0

P -90.6377 8.22457 -22.2066
N -0.999592 0.0285584 -0 
T 0.00926532 0.324302 0.945908 
BN 0.0270137 0.945523 -0.324434 
UV 0.0305574 0.496087
BW 1 0 0 0
BI 1 0 0 0

P -80.6178 50.069 -43.0949
N -0.878211 0.44321 -0.179752 
T 0.308454 0.237633 0.921079 
BN 0.365517 0.864347 -0.345402 
UV 0.0750239 0.539475
BW 1 0 0 0
BI 1 0 0 0

P -80.6178 50.069 -43.0949
N -0.878211 0.44321 -0.179752 
T 0.308454 0.237633 0.921079 
BN 0.365517 0.864347 -0.345402 
UV 0.0750239 0.539475
BW 1 0 0 0
BI 1 0 0 0

P -90.6377 8.22457 -22.2066
N -0.999592 0.0285584 -0 
T 0.00926532 0.324302 0.945908 
BN 0.0270137 0.945523 -0.324434 
UV 0.0305574 0.496087
BW 1 0 0 0
BI 1 0 0 0

P -90.6377 8.22457 -43.0949
N -0.984532 0.0284333 -0.172883 
T 0.172974 0.314705 0.933296 
BN -0.0278704 0.948764 -0.314755 
UV 0.0563921 0.487435
BW 1 0 0 0
BI 1 0 0 0

P -90.6377 8.22457 -22.2066
N -0.999592 0.0285584 -0 
T 0.00926532 0.324302 0.945908 
BN 0.0270137 0.945523 -0.324434 
UV 0.0305574 0.496087
BW 1 0 0 0
BI 1 0 0 0

P -82.9641 -32.0553 -22.2066
N -0.869527 -0.493886 -0 
T -0.13273 0.233682 0.963211 
BN -0.475716 0.837538 -0.268747 
UV 0.0143945 0.444348
BW 1 0 0 0
BI 1 0 0 0

P -90.6377 8.22457 -43.0949
N -0.984532 0.0284333 -0.172883 
T 0.172974 0.314705 0.933296 
BN -0.0278704 0.948764 -0.314755 
UV 0.0563921 0.487435
BW 1 0 0 0
BI 1 0 0 0

P -90.6377 8.22457 -43.0949
N -0.984532 0.0284333 -0.172883 
T 0.172974 0.314705 0.933296 
BN -0.0278704 0.948764 -0.314755 
UV 0.0563921 0.487435
BW 1 0 0 0
BI 1 0 0 0

P -82.9641 -32.0553 -22.2066
N -0.869527 -0.493886 -0 
T -0.13273 0.233682 0.963211 
BN -0.475716 0.837538 -0.268747 
UV 0.0143945 0.444348
BW 1 0 0 0
BI 1 0 0 0

P -82.9641 -32.0553 -43.0949
N -0.855132 -0.485528 -0.181689 
T 0.0270111 0.308268 0.950916 
BN -0.517706 0.818067 -0.250495 
UV 0.0407278 0.437054
BW 1 0 0 0
BI 1 0 0 0

P -80.6178 50.069 -43.0949
N -0.878211 0.44321 -0.179752 
T 0.308454 0.237633 0.921079 
BN 0.365517 0.864347 -0.345402 
UV 0.0750239 0.539475
BW 1 0 0 0
BI 1 0 0 0

P -75.4976 47.2022 -52.0781
N -0.587294 0.277444 -0.760336 
T 0.798283 0.0435769 0.600704 
BN 0.133529 0.959753 -0.247072 
UV 0.087833 0.534298
BW 1 0 0 0
BI 1 0 0 0

P -58.4614 71.9686 -43.0949
N -0.69192 0.700038 -0.176617 
T 0.431643 0.205011 0.878439 
BN 0.578732 0.684045 -0.444018 
UV 0.0919929 0.577064
BW 1 0 0 0
BI 1 0 0 0

P -58.4614 71.9686 -43.0949
N -0.69192 0.700038 -0.176617 
T 0.431643 0.205011 0.878439 
BN 0.578732 0.684045 -0.444018 
UV 0.0919929 0.577064
BW 1 0 0 0
BI 1 0 0 0

P -75.4976 47.2022 -52.0781
N -0.587294 0.277444 -0.760336 
T 0.798283 0.0435769 0.600704 
BN 0.133529 0.959753 -0.247072 
UV 0.087833 0.534298
BW 1 0 0 0
BI 1 0 0 0

P -54.7462 67.7127 -52.0781
N -0.304942 0.597823 -0.741362 
T 0.842604 -0.193457 0.502586 
BN 0.443879 0.777934 -0.444735 
UV 0.104035 0.569215
BW 1 0 0 0
BI 1 0 0 0

P -84.8819 8.01193 -52.0781
N -0.607469 0.0165231 -0.794172 
T 0.761293 0.297504 0.57613 
BN -0.22675 0.954578 -0.193303 
UV 0.0697209 0.482929
BW 1 0 0 0
BI 1 0 0 0

P -75.4976 47.2022 -52.0781
N -0.587294 0.277444 -0.760336 
T 0.798283 0.0435769 0.600704 
BN 0.133529 0.959753 -0.247072 
UV 0.087833 0.534298
BW 1 0 0 0
BI 1 0 0 0

P -90.6377 8.22457 -43.0949
N -0.984532 0.0284333 -0.172883 
T 0.172974 0.314705 0.933296 
BN -0.0278704 0.948764 -0.314755 
UV 0.0563921 0.487435
BW 1 0 0 0
BI 1 0 0 0

P -90.6377 8.22457 -43.0949
N -0.984532 0.0284333 -0.172883 
T 0.172974 0.314705 0.933296 
BN -0.0278704 0.948764 -0.314755 
UV 0.0563921 0.487435
BW 1 0 0 0
BI 1 0 0 0

P -75.4976 47.2022 -52.0781
N -0.587294 0.277444 -0.760336 
T 0.798283 0.0435769 0.600704 
BN 0.133529 0.959753 -0.247072 
UV 0.087833 0.534298
BW 1 0 0 0
BI 1 0 0 0

P -80.6178 50.069 -43.0949
N -0.878211 0.44321 -0.179752 
T 0.308454 0.237633 0.921079 
BN 0.365517 0.864347 -0.345402 
UV 0.0750239 0.539475
BW 1 0 0 0
BI 1 0 0 0

P -82.9641 -32.0553 -43.0949
N -0.855132 -0.485528 -0.181689 
T 0.0270111 0.308268 0.950916 
BN -0.517706 0.818067 -0.250495 
UV 0.0407278 0.437054
BW 1 0 0 0
BI 1 0 0 0

P -77.6949 -29.1944 -52.0781
N -0.581287 -0.310315 -0.752204 
T 0.524639 0.563688 0.637974 
BN -0.621981 0.765481 -0.164861 
UV 0.0544032 0.433395
BW 1 0 0 0
BI 1 0 0 0

P -90.6377 8.22457 -43.0949
N -0.984532 0.0284333 -0.172883 
T 0.172974 0.314705 0.933296 
BN -0.0278704 0.948764 -0.314755 
UV 0.0563921 0.487435
BW 1 0 0 0
BI 1 0 0 0

P -90.6377 8.22457 -43.0949
N -0.984532 0.0284333 -0.172883 
T 0.172974 0.314705 0.933296 
BN -0.0278704 0.948764 -0.314755 
UV 0.0563921 0.487435
BW 1 0 0 0
BI 1 0 0 0

P -77.6949 -29.1944 -52.0781
N -0.581287 -0.310315 -0.752204 
T 0.524639 0.563688 0.637974 
BN -0.621981 0.765481 -0.164861 
UV 0.0544032 0.433395
BW 1 0 0 0
BI 1 0 0 0

P -84.8819 8.01193 -52.0781
N -0.607469 0.0165231 -0.794172 
T 0.761293 0.297504 0.57613 
BN -0.22675 0.954578 -0.193303 
UV 0.0697209 0.482929
BW 1 0 0 0
BI 1 0 0 0

P -9.83146e-006 -65.1108 -52.0781
N -1.24871e-007 -0.694378 -0.719611 
T -0.999439 0.024104 0.0232587 
BN -0.0334958 -0.719207 -0.693988 
UV 0.528006 0.276472
BW 1 0 0 0
BI 1 0 0 0

P -8.50066e-006 -56.2973 -55.4866
N -9.9282e-009 -0.0524924 -0.998621 
T -0.999375 0.0353015 0.00185561 
BN -0.0353502 -0.997997 -0.0524596 
UV 0.528451 0.264223
BW 1 0 0 0
BI 1 0 0 0

P -47.1109 -58.0847 -52.0781
N -0.27405 -0.653637 -0.705447 
T -0.959744 0.138934 -0.244108 
BN 0.0615476 -0.743946 -0.665399 
UV 0.589511 0.269497
BW 1 0 0 0
BI 1 0 0 0

P -47.1109 -58.0847 -52.0781
N -0.27405 -0.653637 -0.705447 
T -0.959744 0.138934 -0.244108 
BN 0.0615476 -0.743946 -0.665399 
UV 0.589511 0.269497
BW 1 0 0 0
BI 1 0 0 0

P -8.50066e-006 -56.2973 -55.4866
N -9.9282e-009 -0.0524924 -0.998621 
T -0.999375 0.0353015 0.00185561 
BN -0.0353502 -0.997997 -0.0524596 
UV 0.528451 0.264223
BW 1 0 0 0
BI 1 0 0 0

P -44.6961 -49.6984 -55.4866
N -0.0570181 -0.131126 -0.989725 
T -0.997554 0.0476226 -0.0511598 
BN -0.0404249 -0.990221 -0.133521 
UV 0.586427 0.257756
BW 1 0 0 0
BI 1 0 0 0

P -84.8819 8.01193 -52.0781
N -0.607469 0.0165231 -0.794172 
T -0.793522 0.0328294 -0.607655 
BN -0.0361125 -0.999324 -0.0068314 
UV 0.641677 0.185244
BW 1 0 0 0
BI 1 0 0 0

P -77.6949 -29.1944 -52.0781
N -0.581287 -0.310315 -0.752204 
T -0.812081 0.162971 -0.560326 
BN 0.0512903 -0.93656 -0.346734 
UV 0.630617 0.233263
BW 1 0 0 0
BI 1 0 0 0

P -73.0455 8.01193 -55.4866
N -0.0278524 0.000851845 -0.999612 
T -0.998911 0.0374279 -0.0278648 
BN -0.0374371 -0.999299 -0.000191541 
UV 0.62571 0.184658
BW 1 0 0 0
BI 1 0 0 0

P -73.0455 8.01193 -55.4866
N -0.0278524 0.000851845 -0.999612 
T -0.998911 0.0374279 -0.0278648 
BN -0.0374371 -0.999299 -0.000191541 
UV 0.62571 0.184658
BW 1 0 0 0
BI 1 0 0 0

P -77.6949 -29.1944 -52.0781
N -0.581287 -0.310315 -0.752204 
T -0.812081 0.162971 -0.560326 
BN 0.0512903 -0.93656 -0.346734 
UV 0.630617 0.233263
BW 1 0 0 0
BI 1 0 0 0

P -66.8603 -29.1944 -55.4866
N -0.0328399 -0.0217708 -0.999223 
T -0.998302 0.0488332 -0.0317457 
BN -0.0481042 -0.99857 -0.0233375 
UV 0.61594 0.232352
BW 1 0 0 0
BI 1 0 0 0

P -64.9694 47.2022 -55.4866
N -0.0282094 0.0158708 -0.999476 
T -0.999591 0.00425453 -0.0282802 
BN -0.00470113 -0.999865 0.0157443 
UV 0.617098 0.133705
BW 1 0 0 0
BI 1 0 0 0

P -75.4976 47.2022 -52.0781
N -0.587294 0.277444 -0.760336 
T -0.802627 -0.0785955 -0.591281 
BN -0.104288 -0.957521 0.268843 
UV 0.631492 0.133871
BW 1 0 0 0
BI 1 0 0 0

P -73.0455 8.01193 -55.4866
N -0.0278524 0.000851845 -0.999612 
T -0.998911 0.0374279 -0.0278648 
BN -0.0374371 -0.999299 -0.000191541 
UV 0.62571 0.184658
BW 1 0 0 0
BI 1 0 0 0

P -73.0455 8.01193 -55.4866
N -0.0278524 0.000851845 -0.999612 
T -0.998911 0.0374279 -0.0278648 
BN -0.0374371 -0.999299 -0.000191541 
UV 0.62571 0.184658
BW 1 0 0 0
BI 1 0 0 0

P -75.4976 47.2022 -52.0781
N -0.587294 0.277444 -0.760336 
T -0.802627 -0.0785955 -0.591281 
BN -0.104288 -0.957521 0.268843 
UV 0.631492 0.133871
BW 1 0 0 0
BI 1 0 0 0

P -84.8819 8.01193 -52.0781
N -0.607469 0.0165231 -0.794172 
T -0.793522 0.0328294 -0.607655 
BN -0.0361125 -0.999324 -0.0068314 
UV 0.641677 0.185244
BW 1 0 0 0
BI 1 0 0 0

P -50.3089 -62.7776 -43.0949
N -1 6.09607e-007 -2.31933e-007 
T 6.09608e-007 1 2.98074e-006 
BN -2.31931e-007 2.98074e-006 -1 
UV 0.335319 0.942633
BW 1 0 0 0
BI 1 0 0 0

P -50.3089 -62.7776 -22.2066
N -1 6.09607e-007 -3.69779e-007 
T 6.09609e-007 1 4.48064e-006 
BN -3.69776e-007 4.48064e-006 -1 
UV 0.335319 0.969647
BW 1 0 0 0
BI 1 0 0 0

P -50.3089 -78.2396 -43.0949
N -1 6.09607e-007 -3.2602e-007 
T 6.09609e-007 1 4.48064e-006 
BN -3.26017e-007 4.48064e-006 -1 
UV 0.315322 0.942633
BW 1 0 0 0
BI 1 0 0 0

P -50.3089 -78.2396 -43.0949
N -1 6.09607e-007 -3.2602e-007 
T 6.09609e-007 1 4.48064e-006 
BN -3.26017e-007 4.48064e-006 -1 
UV 0.315322 0.942633
BW 1 0 0 0
BI 1 0 0 0

P -50.3089 -62.7776 -22.2066
N -1 6.09607e-007 -3.69779e-007 
T 6.09609e-007 1 4.48064e-006 
BN -3.69776e-007 4.48064e-006 -1 
UV 0.335319 0.969647
BW 1 0 0 0
BI 1 0 0 0

P -50.3089 -78.2396 -22.2066
N -1 6.09607e-007 -4.63865e-007 
T 6.0961e-007 1 5.98055e-006 
BN -4.63862e-007 5.98055e-006 -1 
UV 0.315322 0.969647
BW 1 0 0 0
BI 1 0 0 0

P -56.4212 -78.2396 -43.0949
N -0.974511 0 -0.224341 
T -0.223833 -0.067253 -0.972304 
BN 0.0150876 -0.997736 0.0655388 
UV 0.378915 0.815981
BW 1 0 0 0
BI 1 0 0 0

P -56.4212 -78.2396 -22.2066
N -1 0 -0 
T 0 -0.0201611 -0.999797 
BN 0 -0.999797 0.0201611 
UV 0.406092 0.815167
BW 1 0 0 0
BI 1 0 0 0

P -56.4212 -100.675 -43.0949
N -0.959983 -0.188097 -0.207489 
T -0.199852 -0.0589103 -0.978054 
BN 0.196193 -0.980382 0.0189612 
UV 0.380418 0.844622
BW 1 0 0 0
BI 1 0 0 0

P -56.4212 -100.675 -43.0949
N -0.959983 -0.188097 -0.207489 
T -0.199852 -0.0589103 -0.978054 
BN 0.196193 -0.980382 0.0189612 
UV 0.380418 0.844622
BW 1 0 0 0
BI 1 0 0 0

P -56.4212 -78.2396 -22.2066
N -1 0 -0 
T 0 -0.0201611 -0.999797 
BN 0 -0.999797 0.0201611 
UV 0.406092 0.815167
BW 1 0 0 0
BI 1 0 0 0

P -56.4212 -100.675 -22.2066
N -0.979297 -0.20243 -1.1409e-007 
T 0.000226563 -0.00109661 -0.999999 
BN 0.20243 -0.979296 0.00111977 
UV 0.406966 0.844356
BW 1 0 0 0
BI 1 0 0 0

P -50.3089 -78.2396 -43.0949
N 1.12426e-007 1 -0 
T -1.04197e-005 1.17144e-012 1 
BN 1 -1.12426e-007 1.04197e-005 
UV 0.0914115 0.254209
BW 1 0 0 0
BI 1 0 0 0

P -50.3089 -78.2396 -22.2066
N 0 1 -0 
T -1.46615e-005 0 1 
BN 1 -0 1.46615e-005 
UV 0.0643975 0.254208
BW 1 0 0 0
BI 1 0 0 0

P -56.4212 -78.2396 -43.0949
N 0 1 -0 
T -1.24873e-005 0 1 
BN 1 -0 1.24873e-005 
UV 0.0914116 0.246304
BW 1 0 0 0
BI 1 0 0 0

P -56.4212 -78.2396 -43.0949
N 0 1 -0 
T -1.24873e-005 0 1 
BN 1 -0 1.24873e-005 
UV 0.0914116 0.246304
BW 1 0 0 0
BI 1 0 0 0

P -50.3089 -78.2396 -22.2066
N 0 1 -0 
T -1.46615e-005 0 1 
BN 1 -0 1.46615e-005 
UV 0.0643975 0.254208
BW 1 0 0 0
BI 1 0 0 0

P -56.4212 -78.2396 -22.2066
N 0 1 -0 
T -1.43418e-005 0 1 
BN 1 -0 1.43418e-005 
UV 0.0643976 0.246303
BW 1 0 0 0
BI 1 0 0 0

P -50.3089 -107.809 -22.2066
N -0.0666891 -0.997774 -9.7825e-007 
T -0.0120712 0.000805834 -0.999927 
BN 0.997701 -0.0666843 -0.0120981 
UV 0.40675 0.856874
BW 1 0 0 0
BI 1 0 0 0

P -50.3089 -107.809 -43.0949
N -0.0592282 -0.965238 -0.254575 
T -0.238976 -0.233897 -0.942434 
BN 0.969217 -0.116656 -0.216815 
UV 0.378915 0.856393
BW 1 0 0 0
BI 1 0 0 0

P -56.4212 -100.675 -22.2066
N -0.979297 -0.20243 -1.1409e-007 
T 0.000226563 -0.00109661 -0.999999 
BN 0.20243 -0.979296 0.00111977 
UV 0.406966 0.844356
BW 1 0 0 0
BI 1 0 0 0

P -56.4212 -100.675 -22.2066
N -0.979297 -0.20243 -1.1409e-007 
T 0.000226563 -0.00109661 -0.999999 
BN 0.20243 -0.979296 0.00111977 
UV 0.406966 0.844356
BW 1 0 0 0
BI 1 0 0 0

P -50.3089 -107.809 -43.0949
N -0.0592282 -0.965238 -0.254575 
T -0.238976 -0.233897 -0.942434 
BN 0.969217 -0.116656 -0.216815 
UV 0.378915 0.856393
BW 1 0 0 0
BI 1 0 0 0

P -56.4212 -100.675 -43.0949
N -0.959983 -0.188097 -0.207489 
T -0.199852 -0.0589103 -0.978054 
BN 0.196193 -0.980382 0.0189612 
UV 0.380418 0.844622
BW 1 0 0 0
BI 1 0 0 0

P -50.3089 -100.675 -48.7575
N -0.0487678 -0.185668 -0.981402 
T -0.911449 -0.393598 -0.119755 
BN 0.408512 -0.900338 -0.150032 
UV 0.370221 0.846912
BW 1 0 0 0
BI 1 0 0 0

P -50.3089 -78.2396 -48.7575
N -0.0529816 0 -0.998595 
T -0.981353 -0.185026 -0.0520669 
BN 0.184766 -0.982734 0.00980298 
UV 0.367766 0.816893
BW 1 0 0 0
BI 1 0 0 0

P -56.4212 -100.675 -43.0949
N -0.959983 -0.188097 -0.207489 
T -0.199852 -0.0589103 -0.978054 
BN 0.196193 -0.980382 0.0189612 
UV 0.380418 0.844622
BW 1 0 0 0
BI 1 0 0 0

P -56.4212 -100.675 -43.0949
N -0.959983 -0.188097 -0.207489 
T -0.199852 -0.0589103 -0.978054 
BN 0.196193 -0.980382 0.0189612 
UV 0.380418 0.844622
BW 1 0 0 0
BI 1 0 0 0

P -50.3089 -78.2396 -48.7575
N -0.0529816 0 -0.998595 
T -0.981353 -0.185026 -0.0520669 
BN 0.184766 -0.982734 0.00980298 
UV 0.367766 0.816893
BW 1 0 0 0
BI 1 0 0 0

P -56.4212 -78.2396 -43.0949
N -0.974511 0 -0.224341 
T -0.223833 -0.067253 -0.972304 
BN 0.0150876 -0.997736 0.0655388 
UV 0.378915 0.815981
BW 1 0 0 0
BI 1 0 0 0

P -50.3089 -78.2396 -43.0949
N 1.12426e-007 1 -0 
T -1.04197e-005 1.17144e-012 1 
BN 1 -1.12426e-007 1.04197e-005 
UV 0.0914115 0.254209
BW 1 0 0 0
BI 1 0 0 0

P -56.4212 -78.2396 -43.0949
N 0 1 -0 
T -1.24873e-005 0 1 
BN 1 -0 1.24873e-005 
UV 0.0914116 0.246304
BW 1 0 0 0
BI 1 0 0 0

P -50.3089 -78.2396 -48.7575
N 1.39989e-007 1 -0 
T -2.71299e-006 3.79789e-013 1 
BN 1 -1.39989e-007 2.71299e-006 
UV 0.0987349 0.254209
BW 1 0 0 0
BI 1 0 0 0

P -56.4212 -100.675 -43.0949
N -0.959983 -0.188097 -0.207489 
T -0.199852 -0.0589103 -0.978054 
BN 0.196193 -0.980382 0.0189612 
UV 0.380418 0.844622
BW 1 0 0 0
BI 1 0 0 0

P -50.3089 -107.809 -43.0949
N -0.0592282 -0.965238 -0.254575 
T -0.238976 -0.233897 -0.942434 
BN 0.969217 -0.116656 -0.216815 
UV 0.378915 0.856393
BW 1 0 0 0
BI 1 0 0 0

P -50.3089 -100.675 -48.7575
N -0.0487678 -0.185668 -0.981402 
T -0.911449 -0.393598 -0.119755 
BN 0.408512 -0.900338 -0.150032 
UV 0.370221 0.846912
BW 1 0 0 0
BI 1 0 0 0

P -44.6961 -49.6984 -55.4866
N -0.0570181 -0.131126 -0.989725 
T -0.997554 0.0476226 -0.0511598 
BN -0.0404249 -0.990221 -0.133521 
UV 0.586427 0.257756
BW 1 0 0 0
BI 1 0 0 0

P -66.8603 -29.1944 -55.4866
N -0.0328399 -0.0217708 -0.999223 
T -0.998302 0.0488332 -0.0317457 
BN -0.0481042 -0.99857 -0.0233375 
UV 0.61594 0.232352
BW 1 0 0 0
BI 1 0 0 0

P -47.1109 -58.0847 -52.0781
N -0.27405 -0.653637 -0.705447 
T -0.959744 0.138934 -0.244108 
BN 0.0615476 -0.743946 -0.665399 
UV 0.589511 0.269497
BW 1 0 0 0
BI 1 0 0 0

P -47.1109 -58.0847 -52.0781
N -0.27405 -0.653637 -0.705447 
T -0.959744 0.138934 -0.244108 
BN 0.0615476 -0.743946 -0.665399 
UV 0.589511 0.269497
BW 1 0 0 0
BI 1 0 0 0

P -66.8603 -29.1944 -55.4866
N -0.0328399 -0.0217708 -0.999223 
T -0.998302 0.0488332 -0.0317457 
BN -0.0481042 -0.99857 -0.0233375 
UV 0.61594 0.232352
BW 1 0 0 0
BI 1 0 0 0

P -77.6949 -29.1944 -52.0781
N -0.581287 -0.310315 -0.752204 
T -0.812081 0.162971 -0.560326 
BN 0.0512903 -0.93656 -0.346734 
UV 0.630617 0.233263
BW 1 0 0 0
BI 1 0 0 0

P -47.1109 -58.0847 -52.0781
N -0.27405 -0.653637 -0.705447 
T 0.203237 0.677601 0.706789 
BN -0.939996 0.337068 -0.0528535 
UV 0.0415984 0.377091
BW 1 0 0 0
BI 1 0 0 0

P -77.6949 -29.1944 -52.0781
N -0.581287 -0.310315 -0.752204 
T 0.524639 0.563688 0.637974 
BN -0.621981 0.765481 -0.164861 
UV 0.0544032 0.433395
BW 1 0 0 0
BI 1 0 0 0

P -50.3089 -62.7776 -43.0949
N -0.558603 -0.78637 -0.263791 
T 0.0240562 0.302544 0.952832 
BN -0.829086 0.5386 -0.150085 
UV 0.027047 0.379587
BW 1 0 0 0
BI 1 0 0 0

P -50.3089 -62.7776 -43.0949
N -0.558603 -0.78637 -0.263791 
T 0.0240562 0.302544 0.952832 
BN -0.829086 0.5386 -0.150085 
UV 0.027047 0.379587
BW 1 0 0 0
BI 1 0 0 0

P -77.6949 -29.1944 -52.0781
N -0.581287 -0.310315 -0.752204 
T 0.524639 0.563688 0.637974 
BN -0.621981 0.765481 -0.164861 
UV 0.0544032 0.433395
BW 1 0 0 0
BI 1 0 0 0

P -82.9641 -32.0553 -43.0949
N -0.855132 -0.485528 -0.181689 
T 0.0270111 0.308268 0.950916 
BN -0.517706 0.818067 -0.250495 
UV 0.0407278 0.437054
BW 1 0 0 0
BI 1 0 0 0

P -58.4614 71.9686 -22.2066
N -0.702972 0.711218 -0 
T 0.266101 0.263016 0.927369 
BN 0.659561 0.651914 -0.374149 
UV 0.0657191 0.587344
BW 1 0 0 0
BI 1 0 0 0

P -80.6178 50.069 -22.2066
N -0.892716 0.45062 -0 
T 0.158236 0.313479 0.936318 
BN 0.421923 0.835866 -0.351152 
UV 0.0497467 0.549343
BW 1 0 0 0
BI 1 0 0 0

P -58.4614 71.9686 -43.0949
N -0.69192 0.700038 -0.176617 
T 0.431643 0.205011 0.878439 
BN 0.578732 0.684045 -0.444018 
UV 0.0919929 0.577064
BW 1 0 0 0
BI 1 0 0 0

P -58.4614 71.9686 -43.0949
N -0.69192 0.700038 -0.176617 
T 0.431643 0.205011 0.878439 
BN 0.578732 0.684045 -0.444018 
UV 0.0919929 0.577064
BW 1 0 0 0
BI 1 0 0 0

P -80.6178 50.069 -22.2066
N -0.892716 0.45062 -0 
T 0.158236 0.313479 0.936318 
BN 0.421923 0.835866 -0.351152 
UV 0.0497467 0.549343
BW 1 0 0 0
BI 1 0 0 0

P -80.6178 50.069 -43.0949
N -0.878211 0.44321 -0.179752 
T 0.308454 0.237633 0.921079 
BN 0.365517 0.864347 -0.345402 
UV 0.0750239 0.539475
BW 1 0 0 0
BI 1 0 0 0

P -75.4976 47.2022 -52.0781
N -0.587294 0.277444 -0.760336 
T -0.802627 -0.0785955 -0.591281 
BN -0.104288 -0.957521 0.268843 
UV 0.631492 0.133871
BW 1 0 0 0
BI 1 0 0 0

P -64.9694 47.2022 -55.4866
N -0.0282094 0.0158708 -0.999476 
T -0.999591 0.00425453 -0.0282802 
BN -0.00470113 -0.999865 0.0157443 
UV 0.617098 0.133705
BW 1 0 0 0
BI 1 0 0 0

P -54.7462 67.7127 -52.0781
N -0.304942 0.597823 -0.741362 
T -0.942095 -0.0753126 -0.326778 
BN -0.139522 -0.798082 0.586172 
UV 0.605408 0.105658
BW 1 0 0 0
BI 1 0 0 0

P -54.7462 67.7127 -52.0781
N -0.304942 0.597823 -0.741362 
T -0.942095 -0.0753126 -0.326778 
BN -0.139522 -0.798082 0.586172 
UV 0.605408 0.105658
BW 1 0 0 0
BI 1 0 0 0

P -64.9694 47.2022 -55.4866
N -0.0282094 0.0158708 -0.999476 
T -0.999591 0.00425453 -0.0282802 
BN -0.00470113 -0.999865 0.0157443 
UV 0.617098 0.133705
BW 1 0 0 0
BI 1 0 0 0

P -51.3074 63.5084 -55.4866
N -0.0160551 0.146438 -0.98909 
T -0.999611 0.0202208 -0.0192196 
BN -0.0228146 -0.989013 0.146056 
UV 0.60022 0.112135
BW 1 0 0 0
BI 1 0 0 0

P -58.4614 71.9686 -22.2066
N -1 0 -0 
T 0 0.37153 0.928421 
BN 0 0.928421 -0.37153 
UV 0.0657191 0.587344
BW 1 0 0 0
BI 1 0 0 0

P -58.4614 71.9686 -43.0949
N -0.995683 -0.0425101 -0.0825138 
T 0.0669143 0.28735 0.955485 
BN -0.0643281 0.956882 -0.283265 
UV 0.0919929 0.577064
BW 1 0 0 0
BI 1 0 0 0

P -58.4614 82.5309 -22.2066
N -0.999939 0.00716554 -0.00845632 
T 0.0103244 0.324574 0.945804 
BN 0.00403249 0.945833 -0.324628 
UV 0.0701137 0.600333
BW 1 0 0 0
BI 1 0 0 0

P -58.4614 82.5309 -22.2066
N -0.999939 0.00716554 -0.00845632 
T 0.0103244 0.324574 0.945804 
BN 0.00403249 0.945833 -0.324628 
UV 0.0701137 0.600333
BW 1 0 0 0
BI 1 0 0 0

P -58.4614 71.9686 -43.0949
N -0.995683 -0.0425101 -0.0825138 
T 0.0669143 0.28735 0.955485 
BN -0.0643281 0.956882 -0.283265 
UV 0.0919929 0.577064
BW 1 0 0 0
BI 1 0 0 0

P -58.4614 82.0386 -48.2828
N -0.995209 -0.0143224 -0.0967167 
T 0.0891856 0.272374 0.958049 
BN -0.0400647 0.962085 -0.269792 
UV 0.102596 0.588678
BW 1 0 0 0
BI 1 0 0 0

P -58.4614 71.9686 -43.0949
N -0.995683 -0.0425101 -0.0825138 
T 0.0669143 0.28735 0.955485 
BN -0.0643281 0.956882 -0.283265 
UV 0.0919929 0.577064
BW 1 0 0 0
BI 1 0 0 0

P -54.7462 67.7127 -52.0781
N -0.94282 -0.168284 -0.287698 
T 0.246936 0.227061 0.942054 
BN -0.223858 0.959231 -0.172522 
UV 0.104035 0.569215
BW 1 0 0 0
BI 1 0 0 0

P -58.4614 82.0386 -48.2828
N -0.995209 -0.0143224 -0.0967167 
T 0.0891856 0.272374 0.958049 
BN -0.0400647 0.962085 -0.269792 
UV 0.102596 0.588678
BW 1 0 0 0
BI 1 0 0 0

P -58.4614 82.0386 -48.2828
N -0.995209 -0.0143224 -0.0967167 
T 0.0891856 0.272374 0.958049 
BN -0.0400647 0.962085 -0.269792 
UV 0.102596 0.588678
BW 1 0 0 0
BI 1 0 0 0

P -54.7462 67.7127 -52.0781
N -0.94282 -0.168284 -0.287698 
T 0.246936 0.227061 0.942054 
BN -0.223858 0.959231 -0.172522 
UV 0.104035 0.569215
BW 1 0 0 0
BI 1 0 0 0

P -54.7462 82.5309 -61.4355
N -0.958631 -0.078188 -0.273703 
T 0.244475 0.266361 0.932354 
BN -0.145803 0.960697 -0.236227 
UV 0.120088 0.584632
BW 1 0 0 0
BI 1 0 0 0

P -58.4614 82.0386 -48.2828
N -0.995209 -0.0143224 -0.0967167 
T 0.0891856 0.272374 0.958049 
BN -0.0400647 0.962085 -0.269792 
UV 0.102596 0.588678
BW 1 0 0 0
BI 1 0 0 0

P -57.9232 110.7 -48.069
N -0.998691 0.00901437 -0.0503432 
T 0.0506622 0.30915 0.949663 
BN -0.007003 0.95097 -0.309202 
UV 0.114031 0.624888
BW 1 0 0 0
BI 1 0 0 0

P -58.4614 82.5309 -22.2066
N -0.999939 0.00716554 -0.00845632 
T 0.0103244 0.324574 0.945804 
BN 0.00403249 0.945833 -0.324628 
UV 0.0701137 0.600333
BW 1 0 0 0
BI 1 0 0 0

P -58.4614 82.5309 -22.2066
N -0.999939 0.00716554 -0.00845632 
T 0.0103244 0.324574 0.945804 
BN 0.00403249 0.945833 -0.324628 
UV 0.0701137 0.600333
BW 1 0 0 0
BI 1 0 0 0

P -57.9232 110.7 -48.069
N -0.998691 0.00901437 -0.0503432 
T 0.0506622 0.30915 0.949663 
BN -0.007003 0.95097 -0.309202 
UV 0.114031 0.624888
BW 1 0 0 0
BI 1 0 0 0

P -58.4614 117.06 -22.2066
N -0.999784 2.20431e-007 -0.0208036 
T 0.0197504 0.314154 0.949167 
BN -0.00653532 0.949372 -0.314086 
UV 0.0843191 0.643571
BW 1 0 0 0
BI 1 0 0 0

P -54.7462 82.5309 -61.4355
N -0.958631 -0.078188 -0.273703 
T 0.244475 0.266361 0.932354 
BN -0.145803 0.960697 -0.236227 
UV 0.120088 0.584632
BW 1 0 0 0
BI 1 0 0 0

P -54.7462 94.2364 -61.6363
N -0.966913 0.0157529 -0.254621 
T 0.248829 0.278312 0.9277 
BN -0.0562502 0.960361 -0.273024 
UV 0.124758 0.598823
BW 1 0 0 0
BI 1 0 0 0

P -58.4614 82.0386 -48.2828
N -0.995209 -0.0143224 -0.0967167 
T 0.0891856 0.272374 0.958049 
BN -0.0400647 0.962085 -0.269792 
UV 0.102596 0.588678
BW 1 0 0 0
BI 1 0 0 0

P -58.4614 82.0386 -48.2828
N -0.995209 -0.0143224 -0.0967167 
T 0.0891856 0.272374 0.958049 
BN -0.0400647 0.962085 -0.269792 
UV 0.102596 0.588678
BW 1 0 0 0
BI 1 0 0 0

P -54.7462 94.2364 -61.6363
N -0.966913 0.0157529 -0.254621 
T 0.248829 0.278312 0.9277 
BN -0.0562502 0.960361 -0.273024 
UV 0.124758 0.598823
BW 1 0 0 0
BI 1 0 0 0

P -57.9232 110.7 -48.069
N -0.998691 0.00901437 -0.0503432 
T 0.0506622 0.30915 0.949663 
BN -0.007003 0.95097 -0.309202 
UV 0.114031 0.624888
BW 1 0 0 0
BI 1 0 0 0

P -9.83146e-006 -65.1108 -52.0781
N -1.24871e-007 -0.694378 -0.719611 
T 0.0817036 0.717205 0.692056 
BN -0.996657 0.0587948 0.056733 
UV 0.0443263 0.309103
BW 1 0 0 0
BI 1 0 0 0

P -47.1109 -58.0847 -52.0781
N -0.27405 -0.653637 -0.705447 
T 0.203237 0.677601 0.706789 
BN -0.939996 0.337068 -0.0528535 
UV 0.0415984 0.377091
BW 1 0 0 0
BI 1 0 0 0

P -1.05401e-005 -69.8042 -43.0949
N -1.47794e-007 -0.883642 -0.468163 
T 0.0766987 0.466784 0.881039 
BN -0.997054 0.0359076 0.0677741 
UV 0.0300915 0.307976
BW 1 0 0 0
BI 1 0 0 0

P -1.05401e-005 -69.8042 -43.0949
N -1.47794e-007 -0.883642 -0.468163 
T 0.0766987 0.466784 0.881039 
BN -0.997054 0.0359076 0.0677741 
UV 0.0300915 0.307976
BW 1 0 0 0
BI 1 0 0 0

P -47.1109 -58.0847 -52.0781
N -0.27405 -0.653637 -0.705447 
T 0.203237 0.677601 0.706789 
BN -0.939996 0.337068 -0.0528535 
UV 0.0415984 0.377091
BW 1 0 0 0
BI 1 0 0 0

P -50.3089 -62.7776 -43.0949
N -0.558603 -0.78637 -0.263791 
T 0.0240562 0.302544 0.952832 
BN -0.829086 0.5386 -0.150085 
UV 0.027047 0.379587
BW 1 0 0 0
BI 1 0 0 0

P -1.05401e-005 -69.8042 -43.0949
N -5.24969e-009 0 -1 
T -0.615337 -0.788264 -3.23033e-009 
BN 0.788264 -0.615337 4.13814e-009 
UV 0.047199 0.875747
BW 1 0 0 0
BI 1 0 0 0

P -50.3089 -62.7776 -43.0949
N -6.32772e-008 0 -1 
T -0.615338 -0.788263 -3.89369e-008 
BN 0.788263 -0.615338 4.98791e-008 
UV 0.0800717 0.818869
BW 1 0 0 0
BI 1 0 0 0

P -50.3089 -78.2396 -43.0949
N -5.6045e-008 0 -1 
T -0.615335 -0.788266 -3.44864e-008 
BN 0.788266 -0.615335 4.41783e-008 
UV 0.0958342 0.831173
BW 1 0 0 0
BI 1 0 0 0

P -66.8603 -29.1944 -55.4866
N -0.0328399 -0.0217708 -0.999223 
T -0.998302 0.0488332 -0.0317457 
BN -0.0481042 -0.99857 -0.0233375 
UV 0.61594 0.232352
BW 1 0 0 0
BI 1 0 0 0

P -44.6961 -49.6984 -55.4866
N -0.0570181 -0.131126 -0.989725 
T -0.997554 0.0476226 -0.0511598 
BN -0.0404249 -0.990221 -0.133521 
UV 0.586427 0.257756
BW 1 0 0 0
BI 1 0 0 0

P -8.50066e-006 -56.2973 -55.4866
N -9.9282e-009 -0.0524924 -0.998621 
T -0.999375 0.0353015 0.00185561 
BN -0.0353502 -0.997997 -0.0524596 
UV 0.528451 0.264223
BW 1 0 0 0
BI 1 0 0 0

P 82.9641 -32.0553 -22.2066
N 0.869527 -0.493886 -0 
T 0.203319 0.35796 0.911332 
BN -0.450094 -0.792427 0.411672 
UV 0.0363556 0.174518
BW 1 0 0 0
BI 1 0 0 0

P 82.9641 -32.0553 -43.0949
N 0.855132 -0.485529 -0.181689 
T 0.0559291 0.434833 0.898773 
BN -0.515384 -0.758408 0.398995 
UV 0.0601168 0.185408
BW 1 0 0 0
BI 1 0 0 0

P 50.3089 -62.7776 -22.2066
N 0.685222 -0.728334 -1.65464e-007 
T 0.291443 0.274192 0.91645 
BN -0.667481 -0.627972 0.40015 
UV 0.0138103 0.22729
BW 1 0 0 0
BI 1 0 0 0

P 50.3089 -62.7776 -22.2066
N 0.685222 -0.728334 -1.65464e-007 
T 0.291443 0.274192 0.91645 
BN -0.667481 -0.627972 0.40015 
UV 0.0138103 0.22729
BW 1 0 0 0
BI 1 0 0 0

P 82.9641 -32.0553 -43.0949
N 0.855132 -0.485529 -0.181689 
T 0.0559291 0.434833 0.898773 
BN -0.515384 -0.758408 0.398995 
UV 0.0601168 0.185408
BW 1 0 0 0
BI 1 0 0 0

P 50.3089 -62.7776 -43.0949
N 0.558603 -0.78637 -0.263791 
T 0.109484 0.38516 0.916332 
BN -0.822178 -0.482985 0.301246 
UV 0.0383961 0.237794
BW 1 0 0 0
BI 1 0 0 0

P 80.6178 50.069 -22.2066
N 0.892716 0.450619 -0 
T -0.22343 0.442634 0.868421 
BN 0.391327 -0.775253 0.495828 
UV 0.0856259 0.0814161
BW 1 0 0 0
BI 1 0 0 0

P 80.6178 50.069 -43.0949
N 0.878211 0.44321 -0.179752 
T -0.363789 0.375032 0.852648 
BN 0.310489 -0.814196 0.490592 
UV 0.107672 0.0944631
BW 1 0 0 0
BI 1 0 0 0

P 90.6377 8.22455 -22.2066
N 0.999592 0.0285584 -0 
T -0.0133672 0.467874 0.883694 
BN 0.0252369 -0.883334 0.468065 
UV 0.0595039 0.128281
BW 1 0 0 0
BI 1 0 0 0

P 90.6377 8.22455 -22.2066
N 0.999592 0.0285584 -0 
T -0.0133672 0.467874 0.883694 
BN 0.0252369 -0.883334 0.468065 
UV 0.0595039 0.128281
BW 1 0 0 0
BI 1 0 0 0

P 80.6178 50.069 -43.0949
N 0.878211 0.44321 -0.179752 
T -0.363789 0.375032 0.852648 
BN 0.310489 -0.814196 0.490592 
UV 0.107672 0.0944631
BW 1 0 0 0
BI 1 0 0 0

P 90.6377 8.22455 -43.0949
N 0.984532 0.0284331 -0.172883 
T -0.166187 0.464037 0.870087 
BN -0.0554847 -0.885359 0.461585 
UV 0.082433 0.14032
BW 1 0 0 0
BI 1 0 0 0

P 90.6377 8.22455 -22.2066
N 0.999592 0.0285584 -0 
T -0.0133672 0.467874 0.883694 
BN 0.0252369 -0.883334 0.468065 
UV 0.0595039 0.128281
BW 1 0 0 0
BI 1 0 0 0

P 90.6377 8.22455 -43.0949
N 0.984532 0.0284331 -0.172883 
T -0.166187 0.464037 0.870087 
BN -0.0554847 -0.885359 0.461585 
UV 0.082433 0.14032
BW 1 0 0 0
BI 1 0 0 0

P 82.9641 -32.0553 -22.2066
N 0.869527 -0.493886 -0 
T 0.203319 0.35796 0.911332 
BN -0.450094 -0.792427 0.411672 
UV 0.0363556 0.174518
BW 1 0 0 0
BI 1 0 0 0

P 82.9641 -32.0553 -22.2066
N 0.869527 -0.493886 -0 
T 0.203319 0.35796 0.911332 
BN -0.450094 -0.792427 0.411672 
UV 0.0363556 0.174518
BW 1 0 0 0
BI 1 0 0 0

P 90.6377 8.22455 -43.0949
N 0.984532 0.0284331 -0.172883 
T -0.166187 0.464037 0.870087 
BN -0.0554847 -0.885359 0.461585 
UV 0.082433 0.14032
BW 1 0 0 0
BI 1 0 0 0

P 82.9641 -32.0553 -43.0949
N 0.855132 -0.485529 -0.181689 
T 0.0559291 0.434833 0.898773 
BN -0.515384 -0.758408 0.398995 
UV 0.0601168 0.185408
BW 1 0 0 0
BI 1 0 0 0

P 80.6178 50.069 -43.0949
N 0.878211 0.44321 -0.179752 
T -0.363789 0.375032 0.852648 
BN 0.310489 -0.814196 0.490592 
UV 0.107672 0.0944631
BW 1 0 0 0
BI 1 0 0 0

P 58.4614 71.9686 -43.0949
N 0.69192 0.700038 -0.176617 
T -0.517781 0.310668 0.797113 
BN 0.50314 -0.642987 0.577424 
UV 0.129075 0.0621539
BW 1 0 0 0
BI 1 0 0 0

P 75.4976 47.2022 -52.0781
N 0.587294 0.277444 -0.760336 
T -0.809294 0.188091 0.556476 
BN 0.0113783 -0.94215 0.334999 
UV 0.118827 0.101202
BW 1 0 0 0
BI 1 0 0 0

P 75.4976 47.2022 -52.0781
N 0.587294 0.277444 -0.760336 
T -0.809294 0.188091 0.556476 
BN 0.0113783 -0.94215 0.334999 
UV 0.118827 0.101202
BW 1 0 0 0
BI 1 0 0 0

P 58.4614 71.9686 -43.0949
N 0.69192 0.700038 -0.176617 
T -0.517781 0.310668 0.797113 
BN 0.50314 -0.642987 0.577424 
UV 0.129075 0.0621539
BW 1 0 0 0
BI 1 0 0 0

P 54.7463 67.7127 -52.0781
N 0.31335 0.596047 -0.739283 
T -0.897955 -0.0673463 0.434903 
BN 0.309011 -0.80012 0.514121 
UV 0.139022 0.0711939
BW 1 0 0 0
BI 1 0 0 0

P 80.6178 50.069 -43.0949
N 0.878211 0.44321 -0.179752 
T -0.363789 0.375032 0.852648 
BN 0.310489 -0.814196 0.490592 
UV 0.107672 0.0944631
BW 1 0 0 0
BI 1 0 0 0

P 75.4976 47.2022 -52.0781
N 0.587294 0.277444 -0.760336 
T -0.809294 0.188091 0.556476 
BN 0.0113783 -0.94215 0.334999 
UV 0.118827 0.101202
BW 1 0 0 0
BI 1 0 0 0

P 90.6377 8.22455 -43.0949
N 0.984532 0.0284331 -0.172883 
T -0.166187 0.464037 0.870087 
BN -0.0554847 -0.885359 0.461585 
UV 0.082433 0.14032
BW 1 0 0 0
BI 1 0 0 0

P 90.6377 8.22455 -43.0949
N 0.984532 0.0284331 -0.172883 
T -0.166187 0.464037 0.870087 
BN -0.0554847 -0.885359 0.461585 
UV 0.082433 0.14032
BW 1 0 0 0
BI 1 0 0 0

P 75.4976 47.2022 -52.0781
N 0.587294 0.277444 -0.760336 
T -0.809294 0.188091 0.556476 
BN 0.0113783 -0.94215 0.334999 
UV 0.118827 0.101202
BW 1 0 0 0
BI 1 0 0 0

P 84.8819 8.01191 -52.0781
N 0.607469 0.0165229 -0.794172 
T -0.715372 0.445969 0.537916 
BN -0.345288 -0.894896 0.282732 
UV 0.0942643 0.146543
BW 1 0 0 0
BI 1 0 0 0

P 82.9641 -32.0553 -43.0949
N 0.855132 -0.485529 -0.181689 
T 0.0559291 0.434833 0.898773 
BN -0.515384 -0.758408 0.398995 
UV 0.0601168 0.185408
BW 1 0 0 0
BI 1 0 0 0

P 90.6377 8.22455 -43.0949
N 0.984532 0.0284331 -0.172883 
T -0.166187 0.464037 0.870087 
BN -0.0554847 -0.885359 0.461585 
UV 0.082433 0.14032
BW 1 0 0 0
BI 1 0 0 0

P 77.6949 -29.1944 -52.0781
N 0.581287 -0.310315 -0.752204 
T -0.41716 0.680048 0.60292 
BN -0.698629 -0.664259 0.265852 
UV 0.0724929 0.190914
BW 1 0 0 0
BI 1 0 0 0

P 77.6949 -29.1944 -52.0781
N 0.581287 -0.310315 -0.752204 
T -0.41716 0.680048 0.60292 
BN -0.698629 -0.664259 0.265852 
UV 0.0724929 0.190914
BW 1 0 0 0
BI 1 0 0 0

P 90.6377 8.22455 -43.0949
N 0.984532 0.0284331 -0.172883 
T -0.166187 0.464037 0.870087 
BN -0.0554847 -0.885359 0.461585 
UV 0.082433 0.14032
BW 1 0 0 0
BI 1 0 0 0

P 84.8819 8.01191 -52.0781
N 0.607469 0.0165229 -0.794172 
T -0.715372 0.445969 0.537916 
BN -0.345288 -0.894896 0.282732 
UV 0.0942643 0.146543
BW 1 0 0 0
BI 1 0 0 0

P 44.6961 -49.6984 -55.4866
N 0.0570181 -0.131126 -0.989725 
T -0.997887 0.0234317 0.0605928 
BN -0.0311362 -0.991089 -0.129513 
UV 0.471104 0.253564
BW 1 0 0 0
BI 1 0 0 0

P -8.50066e-006 -56.2973 -55.4866
N -9.9282e-009 -0.0524924 -0.998621 
T -0.999375 0.0353015 0.00185561 
BN -0.0353502 -0.997997 -0.0524596 
UV 0.528451 0.264223
BW 1 0 0 0
BI 1 0 0 0

P 47.1109 -58.0848 -52.0781
N 0.27405 -0.653637 -0.705447 
T -0.95332 -0.0879217 0.288878 
BN -0.126797 -0.751683 -0.647221 
UV 0.467175 0.265051
BW 1 0 0 0
BI 1 0 0 0

P 47.1109 -58.0848 -52.0781
N 0.27405 -0.653637 -0.705447 
T -0.95332 -0.0879217 0.288878 
BN -0.126797 -0.751683 -0.647221 
UV 0.467175 0.265051
BW 1 0 0 0
BI 1 0 0 0

P -8.50066e-006 -56.2973 -55.4866
N -9.9282e-009 -0.0524924 -0.998621 
T -0.999375 0.0353015 0.00185561 
BN -0.0353502 -0.997997 -0.0524596 
UV 0.528451 0.264223
BW 1 0 0 0
BI 1 0 0 0

P -9.83146e-006 -65.1108 -52.0781
N -1.24871e-007 -0.694378 -0.719611 
T -0.999439 0.024104 0.0232587 
BN -0.0334958 -0.719207 -0.693988 
UV 0.528006 0.276472
BW 1 0 0 0
BI 1 0 0 0

P 50.3089 -107.809 -22.2066
N 0.0666888 -0.997774 6.5109e-007 
T -0.299029 -0.019987 0.954035 
BN -0.951911 -0.0636232 -0.299697 
UV 0.248931 0.398979
BW 1 0 0 0
BI 1 0 0 0

P 50.3089 -107.809 -43.0949
N 0.0592279 -0.965238 -0.254574 
T -0.323993 0.222629 0.919492 
BN -0.944204 -0.13694 -0.299545 
UV 0.274698 0.390867
BW 1 0 0 0
BI 1 0 0 0

P -50.3089 -107.809 -22.2066
N -0.0666891 -0.997774 -9.7825e-007 
T -0.299027 0.0199873 0.954035 
BN -0.951911 0.0636235 -0.299695 
UV 0.288009 0.523099
BW 1 0 0 0
BI 1 0 0 0

P -50.3089 -107.809 -22.2066
N -0.0666891 -0.997774 -9.7825e-007 
T -0.299027 0.0199873 0.954035 
BN -0.951911 0.0636235 -0.299695 
UV 0.288009 0.523099
BW 1 0 0 0
BI 1 0 0 0

P 50.3089 -107.809 -43.0949
N 0.0592279 -0.965238 -0.254574 
T -0.323993 0.222629 0.919492 
BN -0.944204 -0.13694 -0.299545 
UV 0.274698 0.390867
BW 1 0 0 0
BI 1 0 0 0

P -50.3089 -107.809 -43.0949
N -0.0592282 -0.965238 -0.254575 
T -0.365187 0.258296 0.894383 
BN -0.929048 -0.0399949 -0.367791 
UV 0.313776 0.514987
BW 1 0 0 0
BI 1 0 0 0

P 66.8603 -29.1944 -55.4866
N 0.0347603 -0.0230439 -0.99913 
T -0.999132 0.0221825 0.035272 
BN -0.022976 -0.999488 -0.0222528 
UV 0.443508 0.226072
BW 1 0 0 0
BI 1 0 0 0

P 77.6949 -29.1944 -52.0781
N 0.581287 -0.310315 -0.752204 
T -0.805908 -0.0919443 0.584858 
BN -0.112329 -0.946177 -0.303531 
UV 0.428802 0.225913
BW 1 0 0 0
BI 1 0 0 0

P 73.0455 8.01191 -55.4866
N 0.0275774 0.00084343 -0.999619 
T -0.998943 0.0368207 0.0275277 
BN -0.0367835 -0.999322 0.00185796 
UV 0.437234 0.177791
BW 1 0 0 0
BI 1 0 0 0

P 73.0455 8.01191 -55.4866
N 0.0275774 0.00084343 -0.999619 
T -0.998943 0.0368207 0.0275277 
BN -0.0367835 -0.999322 0.00185796 
UV 0.437234 0.177791
BW 1 0 0 0
BI 1 0 0 0

P 77.6949 -29.1944 -52.0781
N 0.581287 -0.310315 -0.752204 
T -0.805908 -0.0919443 0.584858 
BN -0.112329 -0.946177 -0.303531 
UV 0.428802 0.225913
BW 1 0 0 0
BI 1 0 0 0

P 84.8819 8.01191 -52.0781
N 0.607469 0.0165229 -0.794172 
T -0.793925 0.0450858 0.606342 
BN -0.0257874 -0.998846 0.0405061 
UV 0.421267 0.177214
BW 1 0 0 0
BI 1 0 0 0

P 64.9695 47.2022 -55.4866
N 0.0268129 0.0150851 -0.999527 
T -0.997905 0.0592954 0.0258745 
BN -0.058877 -0.998127 0.0166434 
UV 0.449527 0.127599
BW 1 0 0 0
BI 1 0 0 0

P 73.0455 8.01191 -55.4866
N 0.0275774 0.00084343 -0.999619 
T -0.998943 0.0368207 0.0275277 
BN -0.0367835 -0.999322 0.00185796 
UV 0.437234 0.177791
BW 1 0 0 0
BI 1 0 0 0

P 75.4976 47.2022 -52.0781
N 0.587294 0.277444 -0.760336 
T -0.808221 0.150903 0.569217 
BN 0.0431889 -0.948817 0.31286 
UV 0.435157 0.126719
BW 1 0 0 0
BI 1 0 0 0

P 75.4976 47.2022 -52.0781
N 0.587294 0.277444 -0.760336 
T -0.808221 0.150903 0.569217 
BN 0.0431889 -0.948817 0.31286 
UV 0.435157 0.126719
BW 1 0 0 0
BI 1 0 0 0

P 73.0455 8.01191 -55.4866
N 0.0275774 0.00084343 -0.999619 
T -0.998943 0.0368207 0.0275277 
BN -0.0367835 -0.999322 0.00185796 
UV 0.437234 0.177791
BW 1 0 0 0
BI 1 0 0 0

P 84.8819 8.01191 -52.0781
N 0.607469 0.0165229 -0.794172 
T -0.793925 0.0450858 0.606342 
BN -0.0257874 -0.998846 0.0405061 
UV 0.421267 0.177214
BW 1 0 0 0
BI 1 0 0 0

P 54.7463 94.2364 -61.6363
N 9.55092e-008 0.635957 -0.771725 
T -0.999333 0.0281912 -0.0232315 
BN -0.0365301 -0.77121 0.635532 
UV 0.464597 0.062492
BW 1 0 0 0
BI 1 0 0 0

P 57.9233 110.7 -48.069
N 8.23207e-008 0.635957 -0.771725 
T -0.999332 0.0282103 -0.0232472 
BN -0.0365548 -0.771209 0.635532 
UV 0.461479 0.0346256
BW 1 0 0 0
BI 1 0 0 0

P -54.7462 94.2364 -61.6363
N 9.88813e-009 0.635957 -0.771724 
T -0.999332 0.0282102 -0.0232473 
BN -0.0365548 -0.771209 0.635532 
UV 0.606803 0.0676917
BW 1 0 0 0
BI 1 0 0 0

P -54.7462 94.2364 -61.6363
N 9.88813e-009 0.635957 -0.771724 
T -0.999332 0.0282102 -0.0232473 
BN -0.0365548 -0.771209 0.635532 
UV 0.606803 0.0676917
BW 1 0 0 0
BI 1 0 0 0

P 57.9233 110.7 -48.069
N 8.23207e-008 0.635957 -0.771725 
T -0.999332 0.0282103 -0.0232472 
BN -0.0365548 -0.771209 0.635532 
UV 0.461479 0.0346256
BW 1 0 0 0
BI 1 0 0 0

P -57.9232 110.7 -48.069
N 0 0.635957 -0.771725 
T -0.999331 0.0282293 -0.023263 
BN -0.0365795 -0.771208 0.635531 
UV 0.611946 0.0401333
BW 1 0 0 0
BI 1 0 0 0

P 50.3089 -62.7776 -43.0949
N 1 0 -2.31933e-007 
T 1.12341e-012 1 -4.84371e-006 
BN -2.31933e-007 4.84371e-006 1 
UV 0.910513 0.0607671
BW 1 0 0 0
BI 1 0 0 0

P 50.3089 -78.2396 -43.0949
N 1 2.47296e-007 -3.2602e-007 
T -2.47294e-007 1 -4.93686e-006 
BN -3.26021e-007 4.93686e-006 1 
UV 0.890517 0.060767
BW 1 0 0 0
BI 1 0 0 0

P 50.3089 -62.7776 -22.2066
N 1 3.62312e-007 -3.69779e-007 
T -3.6231e-007 1 -4.93686e-006 
BN -3.69781e-007 4.93686e-006 1 
UV 0.910513 0.0337529
BW 1 0 0 0
BI 1 0 0 0

P 50.3089 -62.7776 -22.2066
N 1 3.62312e-007 -3.69779e-007 
T -3.6231e-007 1 -4.93686e-006 
BN -3.69781e-007 4.93686e-006 1 
UV 0.910513 0.0337529
BW 1 0 0 0
BI 1 0 0 0

P 50.3089 -78.2396 -43.0949
N 1 2.47296e-007 -3.2602e-007 
T -2.47294e-007 1 -4.93686e-006 
BN -3.26021e-007 4.93686e-006 1 
UV 0.890517 0.060767
BW 1 0 0 0
BI 1 0 0 0

P 50.3089 -78.2396 -22.2066
N 1 6.09607e-007 -4.63866e-007 
T -6.09605e-007 1 -5.03e-006 
BN -4.63869e-007 5.03e-006 1 
UV 0.890517 0.0337528
BW 1 0 0 0
BI 1 0 0 0

P 56.4211 -78.2396 -43.0949
N 0.974511 -3.22097e-007 -0.224341 
T -0.224322 -0.0129141 0.974429 
BN 0.00289684 -0.999917 -0.012585 
UV 0.125601 0.818868
BW 1 0 0 0
BI 1 0 0 0

P 56.4211 -100.675 -43.0949
N 0.959983 -0.188098 -0.207489 
T -0.213649 -0.0128575 0.976826 
BN -0.181071 -0.982066 -0.0525298 
UV 0.126089 0.847545
BW 1 0 0 0
BI 1 0 0 0

P 56.4211 -78.2396 -22.2066
N 1 -2.19611e-007 -0 
T -1.07748e-008 -0.049063 0.998796 
BN -2.19346e-007 -0.998796 -0.049063 
UV 0.0984334 0.819942
BW 1 0 0 0
BI 1 0 0 0

P 56.4211 -78.2396 -22.2066
N 1 -2.19611e-007 -0 
T -1.07748e-008 -0.049063 0.998796 
BN -2.19346e-007 -0.998796 -0.049063 
UV 0.0984334 0.819942
BW 1 0 0 0
BI 1 0 0 0

P 56.4211 -100.675 -43.0949
N 0.959983 -0.188098 -0.207489 
T -0.213649 -0.0128575 0.976826 
BN -0.181071 -0.982066 -0.0525298 
UV 0.126089 0.847545
BW 1 0 0 0
BI 1 0 0 0

P 56.4211 -100.675 -22.2066
N 0.979297 -0.20243 -1.39441e-007 
T -0.012546 -0.0606929 0.998078 
BN -0.202041 -0.977414 -0.061976 
UV 0.0995867 0.849122
BW 1 0 0 0
BI 1 0 0 0

P 50.3089 -78.2396 -43.0949
N 1.12425e-007 1 5.3992e-008 
T 6.60739e-006 5.39913e-008 1 
BN 1 -1.12426e-007 -6.60739e-006 
UV 0.0914115 0.384335
BW 1 0 0 0
BI 1 0 0 0

P 56.4211 -78.2396 -43.0949
N 0 1 2.2452e-007 
T 1.50562e-005 2.2452e-007 1 
BN 1 -3.38041e-012 -1.50562e-005 
UV 0.0914116 0.39224
BW 1 0 0 0
BI 1 0 0 0

P 50.3089 -78.2396 -22.2066
N 0 1 5.61036e-008 
T 1.85148e-005 5.61036e-008 1 
BN 1 -1.03875e-012 -1.85148e-005 
UV 0.0643974 0.384335
BW 1 0 0 0
BI 1 0 0 0

P 50.3089 -78.2396 -22.2066
N 0 1 5.61036e-008 
T 1.85148e-005 5.61036e-008 1 
BN 1 -1.03875e-012 -1.85148e-005 
UV 0.0643974 0.384335
BW 1 0 0 0
BI 1 0 0 0

P 56.4211 -78.2396 -43.0949
N 0 1 2.2452e-007 
T 1.50562e-005 2.2452e-007 1 
BN 1 -3.38041e-012 -1.50562e-005 
UV 0.0914116 0.39224
BW 1 0 0 0
BI 1 0 0 0

P 56.4211 -78.2396 -22.2066
N 0 1 -0 
T 1.8739e-005 0 1 
BN 1 0 -1.8739e-005 
UV 0.0643975 0.39224
BW 1 0 0 0
BI 1 0 0 0

P 50.3089 -107.809 -22.2066
N 0.0666888 -0.997774 6.5109e-007 
T -0.060614 -0.00405194 0.998153 
BN -0.995931 -0.0665656 -0.0607493 
UV 0.100671 0.861595
BW 1 0 0 0
BI 1 0 0 0

P 56.4211 -100.675 -22.2066
N 0.979297 -0.20243 -1.39441e-007 
T -0.012546 -0.0606929 0.998078 
BN -0.202041 -0.977414 -0.061976 
UV 0.0995867 0.849122
BW 1 0 0 0
BI 1 0 0 0

